modul; resi;begin_slice;end_slice; p_n;   p_n+k;    m(S);    e(S);  #(S<F);    f(S);f(S)-3m(S);   stable;    u(S); fne(S);   sum(A); d_min; 2g_n - fn
    1;    0;       0;      50;       2;     229;       2;       2;       1;       1;        -5;saturated;       3;       0;       3;       0;    0.50
Semigroup S_2 hat f=1, p=2, Lücken 1,  
  Erzeuger=[2, 3], 
  Apery=[0, 3]

    1;    0;       0;      50;       3;     233;       3;       3;       2;       4;        -5;saturated;       7;       4;      12;       1;    1.33
Semigroup S_3 hat f=4, p=3, Lücken 3,  
  Erzeuger=[3, 5, 7], 
  Apery=[0, 7, 5]

    1;    0;       0;      50;       4;     233;       4;       3;       3;       6;        -6;saturated;       7;       6;      22;       1;    1.50
Semigroup S_4 hat f=6, p=4, Lücken 4,  
  Erzeuger=[4, 5, 7], 
  Apery=[0, 5, 10, 7]

    1;    0;       0;      50;       5;     239;       5;       4;       3;       9;        -6;saturated;      13;       8;      45;       4;    1.80
Semigroup S_5 hat f=9, p=5, Lücken 7,  
  Erzeuger=[5, 7, 11, 13], 
  Apery=[0, 11, 7, 13, 14]

    1;    0;       0;      50;       6;     239;       6;       3;       7;      16;        -2;saturated;      11;      16;      75;       3;    2.67
Semigroup S_6 hat f=16, p=6, Lücken 10,  
  Erzeuger=[6, 7, 11], 
  Apery=[0, 7, 14, 21, 22, 11]

    1;    0;       0;      50;       7;     241;       7;       6;       5;      16;        -5;saturated;      23;      16;     105;       7;    2.29
Semigroup S_7 hat f=16, p=7, Lücken 12,  
  Erzeuger=[7, 11, 13, 17, 19, 23], 
  Apery=[0, 22, 23, 17, 11, 19, 13]

    1;    0;       0;      50;       8;     241;       8;       5;       7;      20;        -4;saturated;      23;      20;     140;       7;    2.50
Semigroup S_8 hat f=20, p=8, Lücken 14,  
  Erzeuger=[8, 11, 13, 17, 23], 
  Apery=[0, 17, 26, 11, 28, 13, 22, 23]

    1;    0;       0;      50;       9;     241;       9;       6;      11;      25;        -2;saturated;      23;      16;     171;       4;    2.78
Semigroup S_9 hat f=25, p=9, Lücken 15,  
  Erzeuger=[9, 11, 13, 17, 19, 23], 
  Apery=[0, 19, 11, 30, 13, 23, 24, 34, 17]

    1;    0;       0;      50;      10;     241;      10;       5;      11;      25;        -5;saturated;      19;      18;     195;       4;    2.50
Semigroup S_10 hat f=25, p=10, Lücken 15,  
  Erzeuger=[10, 11, 13, 17, 19], 
  Apery=[0, 11, 22, 13, 24, 35, 26, 17, 28, 19]

    1;    0;       0;      50;      11;     251;      11;       7;       9;      27;        -6;saturated;      31;      20;     264;      10;    2.45
Semigroup S_11 hat f=27, p=11, Lücken 19,  
  Erzeuger=[11, 13, 17, 19, 23, 29, 31], 
  Apery=[0, 23, 13, 36, 26, 38, 17, 29, 19, 31, 32]

    1;    0;       0;      50;      12;     251;      12;       5;      13;      33;        -3;saturated;      23;      28;     318;       8;    2.75
Semigroup S_12 hat f=33, p=12, Lücken 21,  
  Erzeuger=[12, 13, 17, 19, 23], 
  Apery=[0, 13, 26, 39, 40, 17, 30, 19, 32, 45, 34, 23]

    1;    0;       0;      50;      13;     257;      13;       8;      11;      35;        -4;saturated;      41;      28;     403;      14;    2.69
Semigroup S_13 hat f=35, p=13, Lücken 25,  
  Erzeuger=[13, 17, 19, 23, 29, 31, 37, 41], 
  Apery=[0, 40, 41, 29, 17, 31, 19, 46, 34, 48, 23, 37, 38]

    1;    0;       0;      50;      14;     257;      14;       6;      21;      49;         7;saturated;      41;      44;     497;       8;    3.50
Semigroup S_14 hat f=49, p=14, Lücken 29,  
  Erzeuger=[14, 17, 19, 23, 29, 41], 
  Apery=[0, 29, 58, 17, 46, 19, 34, 63, 36, 23, 38, 53, 40, 41]

    1;    0;       0;      50;      15;     257;      15;       9;      13;      39;        -6;saturated;      43;      28;     510;      14;    2.60
Semigroup S_15 hat f=39, p=15, Lücken 27,  
  Erzeuger=[15, 17, 19, 23, 29, 31, 37, 41, 43], 
  Apery=[0, 31, 17, 48, 19, 50, 36, 37, 23, 54, 40, 41, 42, 43, 29]

    1;    0;       0;      50;      16;     257;      16;       9;      19;      44;        -4;saturated;      43;      44;     536;       7;    2.75
Semigroup S_16 hat f=44, p=16, Lücken 26,  
  Erzeuger=[16, 17, 19, 23, 29, 31, 37, 41, 43], 
  Apery=[0, 17, 34, 19, 36, 37, 38, 23, 40, 41, 42, 43, 60, 29, 46, 31]

    1;    0;       0;      50;      17;     263;      17;       9;      17;      49;        -2;saturated;      47;      44;     697;      16;    2.88
Semigroup S_17 hat f=49, p=17, Lücken 33,  
  Erzeuger=[17, 19, 23, 29, 31, 37, 41, 43, 47], 
  Apery=[0, 52, 19, 37, 38, 56, 23, 41, 42, 43, 61, 62, 29, 47, 31, 66, 50]

    1;    0;       0;      50;      18;     263;      18;       7;      28;      63;         9;saturated;      53;      44;     801;       8;    3.50
Semigroup S_18 hat f=63, p=18, Lücken 36,  
  Erzeuger=[18, 19, 23, 29, 31, 43, 53], 
  Apery=[0, 19, 38, 57, 58, 23, 42, 43, 62, 81, 46, 29, 48, 31, 50, 69, 52, 53]

    1;    0;       0;      50;      19;     269;      19;      10;      24;      63;         6;saturated;      59;      44;     931;      16;    3.32
Semigroup S_19 hat f=63, p=19, Lücken 40,  
  Erzeuger=[19, 23, 29, 31, 37, 41, 43, 47, 53, 59], 
  Apery=[0, 58, 59, 41, 23, 43, 82, 64, 46, 47, 29, 68, 31, 70, 52, 53, 54, 74, 37]

    1;    0;       0;      50;      20;     269;      20;       9;      24;      65;         5;saturated;      59;      56;    1030;      18;    3.25
Semigroup S_20 hat f=65, p=20, Lücken 42,  
  Erzeuger=[20, 23, 29, 31, 37, 41, 47, 53, 59], 
  Apery=[0, 41, 62, 23, 64, 85, 46, 47, 68, 29, 70, 31, 52, 53, 54, 75, 76, 37, 58, 59]

    1;    0;       0;      50;      21;     269;      21;      11;      16;      57;        -6;saturated;      61;      56;    1092;      26;    2.71
Semigroup S_21 hat f=57, p=21, Lücken 42,  
  Erzeuger=[21, 23, 29, 31, 37, 41, 43, 47, 53, 59, 61], 
  Apery=[0, 43, 23, 66, 46, 47, 69, 70, 29, 72, 31, 53, 54, 76, 77, 78, 37, 59, 60, 61, 41]

    1;    0;       0;      50;      22;     269;      22;      11;      16;      57;        -9;saturated;      79;      56;    1155;      26;    2.59
Semigroup S_22 hat f=57, p=22, Lücken 42,  
  Erzeuger=[22, 23, 29, 31, 37, 41, 43, 47, 61, 71, 79], 
  Apery=[0, 23, 46, 47, 70, 71, 72, 29, 52, 31, 54, 77, 78, 79, 58, 37, 60, 61, 62, 41, 64, 43]

    1;    0;       0;      50;      23;     271;      23;      14;      18;      65;        -4;saturated;      79;      56;    1357;      30;    2.83
Semigroup S_23 hat f=65, p=23, Lücken 48,  
  Erzeuger=[23, 29, 31, 37, 41, 43, 47, 53, 59, 61, 67, 71, 73, 79], 
  Apery=[0, 47, 71, 72, 73, 74, 29, 53, 31, 78, 79, 80, 58, 59, 37, 61, 62, 86, 41, 88, 43, 67, 68]

    1;    0;       0;      50;      24;     271;      24;       9;      30;      81;         9;saturated;      73;      64;    1524;      22;    3.38
Semigroup S_24 hat f=81, p=24, Lücken 52,  
  Erzeuger=[24, 29, 31, 37, 41, 43, 47, 59, 73], 
  Apery=[0, 73, 74, 99, 76, 29, 78, 31, 80, 105, 58, 59, 60, 37, 62, 87, 88, 41, 66, 43, 68, 93, 70, 47]

    1;    0;       0;      50;      25;     271;      25;      13;      27;      77;         2;saturated;      73;      64;    1575;      24;    3.08
Semigroup S_25 hat f=77, p=25, Lücken 51,  
  Erzeuger=[25, 29, 31, 37, 41, 43, 47, 53, 59, 61, 67, 71, 73], 
  Apery=[0, 76, 102, 53, 29, 80, 31, 82, 58, 59, 60, 61, 37, 88, 89, 90, 41, 67, 43, 94, 70, 71, 47, 73, 74]

    1;    0;       0;      50;      26;     271;      26;      11;      28;      77;        -1;saturated;      71;      64;    1625;      22;    2.96
Semigroup S_26 hat f=77, p=26, Lücken 50,  
  Erzeuger=[26, 29, 31, 37, 41, 43, 47, 53, 59, 61, 71], 
  Apery=[0, 53, 80, 29, 82, 31, 58, 59, 60, 61, 62, 37, 90, 91, 66, 41, 68, 43, 70, 71, 72, 47, 74, 101, 76, 103]

    1;    0;       0;      50;      27;     271;      27;      14;      26;      77;        -4;saturated;      79;      52;    1755;      26;    2.85
Semigroup S_27 hat f=77, p=27, Lücken 52,  
  Erzeuger=[27, 29, 31, 37, 41, 43, 47, 53, 59, 61, 67, 71, 73, 79], 
  Apery=[0, 82, 29, 84, 31, 59, 60, 61, 62, 90, 37, 92, 66, 67, 41, 96, 43, 71, 72, 73, 47, 102, 76, 104, 78, 79, 53]

    1;    0;       0;      50;      28;     271;      28;      13;      28;      77;        -7;saturated;      83;      64;    1778;      22;    2.75
Semigroup S_28 hat f=77, p=28, Lücken 50,  
  Erzeuger=[28, 29, 31, 37, 41, 43, 47, 53, 61, 67, 73, 79, 83], 
  Apery=[0, 29, 58, 31, 60, 61, 62, 91, 92, 37, 66, 67, 68, 41, 70, 43, 72, 73, 74, 47, 76, 105, 78, 79, 80, 53, 82, 83]

    1;    0;       0;      50;      29;     277;      29;      14;      28;      85;        -2;saturated;      83;      64;    2088;      30;    2.93
Semigroup S_29 hat f=85, p=29, Lücken 58,  
  Erzeuger=[29, 31, 37, 41, 43, 47, 53, 59, 61, 67, 71, 73, 79, 83], 
  Apery=[0, 59, 31, 61, 62, 92, 93, 94, 37, 67, 68, 98, 41, 71, 43, 73, 74, 104, 47, 106, 78, 79, 80, 110, 53, 83, 84, 114, 86]

    1;    0;       0;      50;      30;     277;      30;       9;      33;      95;         5;saturated;      79;      76;    2325;      30;    3.17
Semigroup S_30 hat f=95, p=30, Lücken 63,  
  Erzeuger=[30, 31, 37, 41, 43, 47, 53, 59, 79], 
  Apery=[0, 31, 62, 93, 94, 125, 96, 37, 68, 99, 100, 41, 72, 43, 74, 105, 106, 47, 78, 79, 80, 111, 82, 53, 84, 115, 86, 117, 88, 59]

    1;    0;       0;      50;      31;     281;      31;      17;      29;      95;         2;saturated;     107;      76;    2542;      38;    3.06
Semigroup S_31 hat f=95, p=31, Lücken 67,  
  Erzeuger=[31, 37, 41, 43, 47, 53, 59, 61, 67, 71, 73, 79, 83, 89, 97, 101, 107], 
  Apery=[0, 94, 126, 96, 97, 67, 37, 100, 101, 71, 41, 73, 43, 106, 107, 108, 47, 79, 80, 112, 82, 83, 53, 116, 86, 118, 88, 89, 59, 122, 61]

    1;    0;       0;      50;      32;     281;      32;      15;      30;      95;        -1;saturated;     113;      92;    2608;      36;    2.97
Semigroup S_32 hat f=95, p=32, Lücken 66,  
  Erzeuger=[32, 37, 41, 43, 47, 53, 59, 61, 67, 71, 83, 89, 97, 109, 113], 
  Apery=[0, 97, 98, 67, 100, 37, 102, 71, 104, 41, 74, 43, 108, 109, 78, 47, 80, 113, 82, 83, 84, 53, 86, 119, 88, 89, 90, 59, 124, 61, 94, 127]

    1;    0;       0;      50;      33;     281;      33;      16;      37;     105;         6;saturated;     101;      72;    2805;      32;    3.18
Semigroup S_33 hat f=105, p=33, Lücken 69,  
  Erzeuger=[33, 37, 41, 43, 47, 53, 59, 61, 67, 71, 73, 79, 83, 89, 97, 101], 
  Apery=[0, 67, 101, 102, 37, 71, 138, 73, 41, 108, 43, 110, 78, 79, 47, 114, 82, 83, 84, 118, 53, 120, 88, 89, 90, 124, 59, 126, 61, 128, 96, 97, 98]

    1;    0;       0;      50;      34;     281;      34;      15;      34;      99;        -3;saturated;     103;      92;    2805;      32;    2.91
Semigroup S_34 hat f=99, p=34, Lücken 66,  
  Erzeuger=[34, 37, 41, 43, 47, 53, 59, 61, 67, 73, 79, 83, 89, 97, 103], 
  Apery=[0, 103, 104, 37, 106, 73, 74, 41, 110, 43, 78, 79, 80, 47, 82, 83, 84, 119, 86, 53, 88, 89, 90, 125, 126, 59, 94, 61, 96, 97, 98, 133, 100, 67]

    1;    0;       0;      50;      35;     281;      35;      17;      30;      99;        -6;saturated;     103;      92;    3045;      40;    2.83
Semigroup S_35 hat f=99, p=35, Lücken 70,  
  Erzeuger=[35, 37, 41, 43, 47, 53, 59, 61, 67, 71, 73, 79, 83, 89, 97, 101, 103], 
  Apery=[0, 71, 37, 73, 74, 110, 41, 112, 43, 79, 80, 116, 47, 83, 84, 120, 86, 122, 53, 89, 90, 126, 127, 128, 59, 130, 61, 97, 98, 134, 100, 101, 67, 103, 104]

    1;    0;       0;      50;      36;     281;      36;      11;      35;     105;        -3;saturated;     101;      92;    3186;      36;    2.92
Semigroup S_36 hat f=105, p=36, Lücken 71,  
  Erzeuger=[36, 37, 41, 43, 47, 53, 59, 61, 67, 71, 101], 
  Apery=[0, 37, 74, 111, 112, 41, 78, 43, 80, 117, 82, 47, 84, 121, 86, 123, 88, 53, 90, 127, 128, 129, 94, 59, 96, 61, 98, 135, 100, 101, 102, 67, 104, 141, 106, 71]

    1;    0;       0;      50;      37;     283;      37;      19;      31;     105;        -6;saturated;     113;      92;    3441;      44;    2.84
Semigroup S_37 hat f=105, p=37, Lücken 75,  
  Erzeuger=[37, 41, 43, 47, 53, 59, 61, 67, 71, 73, 79, 83, 89, 97, 101, 103, 107, 109, 113], 
  Apery=[0, 112, 113, 114, 41, 79, 43, 118, 82, 83, 47, 122, 86, 124, 88, 89, 53, 128, 129, 130, 94, 132, 59, 97, 61, 136, 100, 101, 102, 103, 67, 142, 106, 107, 71, 109, 73]

    1;    0;       0;      50;      38;     283;      38;      16;      42;     115;         1;saturated;     113;      98;    3515;      32;    3.03
Semigroup S_38 hat f=115, p=38, Lücken 74,  
  Erzeuger=[38, 41, 43, 47, 53, 59, 61, 67, 71, 73, 83, 89, 101, 103, 107, 113], 
  Apery=[0, 153, 116, 41, 118, 43, 82, 83, 84, 47, 86, 125, 88, 89, 90, 53, 130, 131, 94, 133, 96, 59, 136, 61, 100, 101, 102, 103, 104, 67, 106, 107, 108, 71, 110, 73, 112, 113]

    1;    0;       0;      50;      39;     283;      39;      19;      39;     115;        -2;saturated;     113;      76;    3744;      38;    2.95
Semigroup S_39 hat f=115, p=39, Lücken 77,  
  Erzeuger=[39, 41, 43, 47, 53, 59, 61, 67, 71, 73, 79, 83, 89, 97, 101, 103, 107, 109, 113], 
  Apery=[0, 79, 41, 120, 43, 83, 84, 124, 47, 126, 88, 89, 90, 130, 53, 132, 94, 134, 96, 97, 59, 138, 61, 101, 102, 103, 104, 144, 67, 107, 108, 109, 71, 150, 73, 113, 114, 154, 116]

    1;    0;       0;      50;      40;     283;      40;      15;      42;     117;        -3;saturated;     109;      98;    3820;      34;    2.92
Semigroup S_40 hat f=117, p=40, Lücken 76,  
  Erzeuger=[40, 41, 43, 47, 53, 59, 61, 67, 71, 73, 79, 89, 97, 103, 109], 
  Apery=[0, 41, 82, 43, 84, 125, 86, 47, 88, 89, 90, 131, 132, 53, 94, 135, 96, 97, 138, 59, 100, 61, 102, 103, 104, 145, 106, 67, 108, 109, 110, 71, 112, 73, 114, 155, 116, 157, 118, 79]

    1;    0;       0;      50;      41;     293;      41;      18;      37;     121;        -2;saturated;     113;      98;    4305;      48;    2.95
Semigroup S_41 hat f=121, p=41, Lücken 85,  
  Erzeuger=[41, 43, 47, 53, 59, 61, 67, 71, 73, 79, 83, 89, 97, 101, 103, 107, 109, 113], 
  Apery=[0, 83, 43, 126, 86, 128, 47, 89, 90, 132, 133, 134, 53, 136, 96, 97, 139, 140, 59, 101, 61, 103, 104, 146, 106, 107, 67, 109, 110, 152, 71, 113, 73, 156, 116, 158, 118, 160, 79, 162, 122]

    1;    0;       0;      50;      42;     293;      42;      13;      51;     135;         9;saturated;     107;      98;    4431;      34;    3.21
Semigroup S_42 hat f=135, p=42, Lücken 85,  
  Erzeuger=[42, 43, 47, 53, 59, 61, 67, 71, 73, 79, 83, 97, 107], 
  Apery=[0, 43, 86, 129, 130, 47, 90, 133, 134, 177, 94, 53, 96, 97, 140, 141, 100, 59, 102, 61, 104, 147, 106, 107, 108, 67, 110, 153, 112, 71, 114, 73, 116, 159, 118, 161, 120, 79, 122, 165, 124, 83]

    1;    0;       0;      50;      43;     307;      43;      19;      44;     135;         6;saturated;     131;      98;    4859;      48;    3.14
Semigroup S_43 hat f=135, p=43, Lücken 92,  
  Erzeuger=[43, 47, 53, 59, 61, 67, 71, 73, 79, 83, 89, 97, 101, 103, 107, 109, 113, 127, 131], 
  Apery=[0, 130, 131, 89, 47, 134, 178, 136, 94, 138, 53, 97, 141, 142, 100, 101, 59, 103, 61, 148, 106, 107, 108, 109, 67, 154, 112, 113, 71, 158, 73, 160, 118, 162, 120, 164, 79, 166, 124, 168, 83, 127, 128]

    1;    0;       0;      50;      44;     307;      44;      19;      51;     143;        11;saturated;     163;     116;    5038;      42;    3.25
Semigroup S_44 hat f=143, p=44, Lücken 93,  
  Erzeuger=[44, 47, 53, 59, 61, 67, 71, 73, 79, 83, 89, 101, 107, 109, 113, 131, 137, 139, 163], 
  Apery=[0, 89, 134, 47, 136, 137, 94, 139, 140, 53, 142, 187, 100, 101, 146, 59, 148, 61, 106, 107, 108, 109, 154, 67, 112, 113, 114, 71, 160, 73, 118, 163, 120, 165, 122, 79, 124, 169, 126, 83, 128, 173, 130, 131]

    1;    0;       0;      50;      45;     307;      45;      19;      39;     133;        -2;saturated;     131;     110;    5265;      56;    2.96
Semigroup S_45 hat f=133, p=45, Lücken 95,  
  Erzeuger=[45, 47, 53, 59, 61, 67, 71, 73, 79, 83, 89, 97, 101, 103, 107, 109, 113, 127, 131], 
  Apery=[0, 136, 47, 138, 94, 140, 141, 97, 53, 144, 100, 101, 147, 103, 59, 150, 61, 107, 108, 109, 155, 156, 67, 113, 114, 160, 71, 162, 73, 164, 120, 166, 122, 168, 79, 170, 126, 127, 83, 174, 130, 131, 132, 178, 89]

    1;    0;       0;      50;      46;     307;      46;      19;      42;     133;        -5;saturated;     157;     116;    5267;      50;    2.89
Semigroup S_46 hat f=133, p=46, Lücken 92,  
  Erzeuger=[46, 47, 53, 59, 61, 67, 71, 73, 79, 83, 89, 97, 101, 103, 109, 127, 131, 137, 157], 
  Apery=[0, 47, 94, 141, 142, 97, 144, 53, 100, 101, 148, 103, 150, 59, 106, 61, 108, 109, 156, 157, 112, 67, 114, 161, 162, 71, 118, 73, 120, 167, 122, 169, 124, 79, 126, 127, 128, 83, 130, 131, 132, 179, 134, 89, 136, 137]

    1;    0;       0;      50;      47;     311;      47;      24;      42;     145;         4;saturated;     163;     116;    5969;      62;    3.09
Semigroup S_47 hat f=145, p=47, Lücken 104,  
  Erzeuger=[47, 53, 59, 61, 67, 71, 73, 79, 83, 89, 97, 101, 103, 107, 109, 113, 127, 131, 137, 139, 149, 151, 157, 163], 
  Apery=[0, 142, 190, 97, 192, 146, 53, 101, 149, 103, 151, 152, 59, 107, 61, 109, 157, 158, 112, 113, 67, 162, 163, 164, 71, 166, 73, 168, 122, 170, 124, 172, 79, 127, 128, 176, 83, 131, 132, 180, 134, 182, 89, 137, 138, 139, 140]

    1;    0;       0;      50;      48;     311;      48;      14;      49;     153;         9;saturated;     139;     116;    6168;      56;    3.19
Semigroup S_48 hat f=153, p=48, Lücken 105,  
  Erzeuger=[48, 53, 59, 61, 67, 71, 73, 79, 83, 89, 97, 103, 113, 139], 
  Apery=[0, 97, 146, 195, 148, 53, 150, 103, 152, 201, 106, 59, 156, 61, 158, 159, 112, 113, 114, 67, 164, 165, 118, 71, 120, 73, 122, 171, 124, 173, 126, 79, 128, 177, 130, 83, 132, 181, 134, 183, 136, 89, 138, 139, 140, 189, 142, 191]

    1;    0;       0;      50;      49;     311;      49;      21;      50;     153;         6;saturated;     149;     104;    6272;      54;    3.12
Semigroup S_49 hat f=153, p=49, Lücken 104,  
  Erzeuger=[49, 53, 59, 61, 67, 71, 73, 79, 83, 89, 97, 101, 103, 107, 109, 113, 127, 131, 137, 139, 149], 
  Apery=[0, 148, 149, 101, 53, 103, 202, 154, 106, 107, 59, 109, 61, 160, 112, 113, 114, 164, 67, 166, 118, 168, 71, 170, 73, 172, 124, 174, 126, 127, 79, 178, 130, 131, 83, 182, 134, 184, 136, 137, 89, 139, 140, 190, 142, 192, 144, 194, 97]

